1.764052345967664026e+00
1.987804319738120995e+00
1.162474237039473834e+00
2.420222034322026872e+00
3.191005900526161732e+00
-2.832262559823439663e-02
-1.055025122832825790e+00
-3.176709723940093766e-01
-3.410352032992886029e-01
4.291207774423991816e-01
6.708349142597168635e-01
1.650952167945002103e+00
1.914389334247251995e+00
4.671811881741371186e-01
-1.458800344707856245e-01
9.354286782093629293e-02
1.530913157994435947e+00
1.049029932774024010e+00
-8.478693569639150773e-02
-1.125063446352769336e+00
-3.634786404579728014e+00
-1.638997256234785871e+00
2.093484899448689429e+00
1.227494284746266207e+00
1.967833399301618602e+00
1.438803196375846305e-01
-1.759681758215581260e+00
-8.451650396729744052e-01
1.447128006911339915e+00
3.249449049846889981e+00
1.630316196512400673e+00
-1.425831059858014283e-01
-1.586820474604007991e+00
-3.370155603613417927e+00
-2.148009384883816431e+00
5.386393057625440406e-01
2.540541472630726716e+00
2.998003278707414676e+00
5.345402585072673851e-01
-1.554232269860132520e+00
-2.263827547502465620e+00
-2.545558030170138153e+00
-2.511110377199914367e+00
1.301489773828300889e+00
2.315617317759708804e+00
-1.436205397386141613e-01
-2.055993002860969199e+00
-8.158585959765064510e-01
-8.066320905093589122e-01
-1.085298621961178211e+00
-7.557987477674764643e-01
6.662644810347456703e-02
2.433886031226586422e-01
-1.320407424195531476e+00
-1.074907068405735577e+00
5.395580959654285857e-01
9.168511966006328562e-01
6.316060066834561226e-01
-5.006541067049744553e-01
-1.207125247464872597e+00
-1.168819983791055561e+00
-7.522782602135924535e-01
-7.184510217404302956e-01
-1.997949114125007419e+00
-1.013276989671618500e+00
2.517681872622279937e-01
-1.265140311663955908e+00
-6.629473060785382454e-01
-2.734913519326219733e-01
-2.943034448951710180e-01
1.009574075954388972e+00
1.010747551283833312e+00
1.254677281335840444e+00
-5.440660745120324826e-01
-1.120186005045261890e+00
-7.029699003914047228e-01
-1.282455519394455346e+00
-1.075192181249924550e+00
-4.285384740157823225e-01
2.879735890521565866e-01
-6.905773130982301167e-01
4.348874156134496793e-02
1.341129326897156027e+00
-8.914764471032311510e-01
-5.131344206646692996e-02
3.015162617484849150e+00
3.100216897402568783e+00
5.242693783790532969e-01
-2.310792224092978575e+00
-9.163570173108845918e-01
4.069221397823347131e-01
1.408468320142000962e+00
1.512345417178290408e+00
1.056578921175140184e+00
6.938957926236262175e-01
4.876966404167940583e-01
1.509358487802556492e-01
1.462252736760145666e+00
1.482733026193037595e+00
2.777027963828558321e-01
